(kicad_pcb (version 20171130) (host pcbnew 6.0.0-rc1-unknown-8be3471~66~ubuntu18.04.1)

  (general
    (thickness 1.6)
    (drawings 19)
    (tracks 1036)
    (zones 0)
    (modules 185)
    (nets 69)
  )

  (page A4)
  (layers
    (0 F.Cu signal)
    (1 In1.Cu power)
    (2 In2.Cu power)
    (31 B.Cu signal)
    (32 B.Adhes user)
    (33 F.Adhes user)
    (34 B.Paste user)
    (35 F.Paste user)
    (36 B.SilkS user)
    (37 F.SilkS user)
    (38 B.Mask user)
    (39 F.Mask user)
    (40 Dwgs.User user)
    (41 Cmts.User user)
    (42 Eco1.User user)
    (43 Eco2.User user)
    (44 Edge.Cuts user)
    (45 Margin user)
    (46 B.CrtYd user)
    (47 F.CrtYd user)
    (48 B.Fab user hide)
    (49 F.Fab user hide)
  )

  (setup
    (last_trace_width 0.4)
    (user_trace_width 0.2)
    (user_trace_width 0.3)
    (user_trace_width 0.4)
    (user_trace_width 0.6)
    (user_trace_width 1)
    (trace_clearance 0.2)
    (zone_clearance 0.508)
    (zone_45_only no)
    (trace_min 0.2)
    (via_size 0.8)
    (via_drill 0.4)
    (via_min_size 0.4)
    (via_min_drill 0.3)
    (user_via 0.8 0.4)
    (user_via 1 0.5)
    (uvia_size 0.3)
    (uvia_drill 0.1)
    (uvias_allowed no)
    (uvia_min_size 0.2)
    (uvia_min_drill 0.1)
    (edge_width 0.05)
    (segment_width 0.2)
    (pcb_text_width 0.3)
    (pcb_text_size 1.5 1.5)
    (mod_edge_width 0.12)
    (mod_text_size 1 1)
    (mod_text_width 0.15)
    (pad_size 0.9 0.9)
    (pad_drill 0)
    (pad_to_mask_clearance 0.051)
    (solder_mask_min_width 0.25)
    (aux_axis_origin 0 0)
    (visible_elements FFFFFF7F)
    (pcbplotparams
      (layerselection 0x010fc_ffffffff)
      (usegerberextensions false)
      (usegerberattributes false)
      (usegerberadvancedattributes false)
      (creategerberjobfile false)
      (excludeedgelayer true)
      (linewidth 0.100000)
      (plotframeref false)
      (viasonmask false)
      (mode 1)
      (useauxorigin false)
      (hpglpennumber 1)
      (hpglpenspeed 20)
      (hpglpendiameter 15.000000)
      (psnegative false)
      (psa4output false)
      (plotreference true)
      (plotvalue true)
      (plotinvisibletext false)
      (padsonsilk false)
      (subtractmaskfromsilk false)
      (outputformat 1)
      (mirror false)
      (drillshape 1)
      (scaleselection 1)
      (outputdirectory ""))
  )

  (net 0 "")
  (net 1 "Net-(Q1-Pad5)")
  (net 2 GND)
  (net 3 +5V)
  (net 4 -5V)
  (net 5 "Net-(C2-Pad1)")
  (net 6 "Net-(C9-Pad2)")
  (net 7 "Net-(C12-Pad1)")
  (net 8 "Net-(C12-Pad2)")
  (net 9 "Net-(R5-Pad1)")
  (net 10 /GainBlock/GB_IN)
  (net 11 "Net-(J4-Pad8)")
  (net 12 "Net-(J4-Pad6)")
  (net 13 "Net-(J4-Pad4)")
  (net 14 "Net-(J4-Pad2)")
  (net 15 "Net-(C24-Pad1)")
  (net 16 "Net-(C17-Pad1)")
  (net 17 "Net-(C29-Pad1)")
  (net 18 "Net-(C32-Pad2)")
  (net 19 "Net-(C32-Pad1)")
  (net 20 /GainBlock/WB_OUT)
  (net 21 /GainBlock/1MHZ_OUT)
  (net 22 "Net-(C33-Pad1)")
  (net 23 "Net-(C30-Pad2)")
  (net 24 "Net-(C30-Pad1)")
  (net 25 "Net-(C31-Pad1)")
  (net 26 "Net-(C33-Pad2)")
  (net 27 "Net-(C34-Pad1)")
  (net 28 "Net-(R11-Pad2)")
  (net 29 "Net-(R14-Pad1)")
  (net 30 /InputAmplifier/IN_AMP)
  (net 31 /InputAmplifier/R_LTP0)
  (net 32 /InputAmplifier/R_LTP2)
  (net 33 /InputStage/IN_STG)
  (net 34 /InputAmplifier/R_LTP5)
  (net 35 "Net-(H1-Pad1)")
  (net 36 "Net-(H2-Pad1)")
  (net 37 "Net-(H3-Pad1)")
  (net 38 "Net-(H4-Pad1)")
  (net 39 "Net-(C43-Pad1)")
  (net 40 "Net-(C44-Pad1)")
  (net 41 "Net-(F1-Pad2)")
  (net 42 "Net-(F2-Pad2)")
  (net 43 "Net-(D5-Pad1)")
  (net 44 "Net-(C35-Pad2)")
  (net 45 /LNA1/R_LTP2)
  (net 46 /LNA1/R_LTP0)
  (net 47 "Net-(C57-Pad1)")
  (net 48 "Net-(C57-Pad2)")
  (net 49 "Net-(C60-Pad1)")
  (net 50 /LNA1/R_LTP5)
  (net 51 "Net-(Q2-Pad5)")
  (net 52 "Net-(R24-Pad1)")
  (net 53 /LNA2/R_LTP0)
  (net 54 /LNA2/R_LTP2)
  (net 55 "Net-(C68-Pad2)")
  (net 56 "Net-(C68-Pad1)")
  (net 57 "Net-(C71-Pad1)")
  (net 58 /LNA2/R_LTP5)
  (net 59 "Net-(Q3-Pad5)")
  (net 60 "Net-(R29-Pad1)")
  (net 61 /LNA3/R_LTP2)
  (net 62 /LNA3/R_LTP0)
  (net 63 "Net-(C79-Pad1)")
  (net 64 "Net-(C79-Pad2)")
  (net 65 "Net-(C82-Pad1)")
  (net 66 /LNA3/R_LTP5)
  (net 67 "Net-(Q4-Pad5)")
  (net 68 "Net-(R34-Pad1)")

  (net_class Default "This is the default net class."
    (clearance 0.2)
    (trace_width 0.25)
    (via_dia 0.8)
    (via_drill 0.4)
    (uvia_dia 0.3)
    (uvia_drill 0.1)
    (add_net /GainBlock/1MHZ_OUT)
    (add_net /GainBlock/GB_IN)
    (add_net /GainBlock/WB_OUT)
    (add_net /InputAmplifier/IN_AMP)
    (add_net /InputAmplifier/R_LTP0)
    (add_net /InputAmplifier/R_LTP2)
    (add_net /InputAmplifier/R_LTP5)
    (add_net /InputStage/IN_STG)
    (add_net /LNA1/R_LTP0)
    (add_net /LNA1/R_LTP2)
    (add_net /LNA1/R_LTP5)
    (add_net /LNA2/R_LTP0)
    (add_net /LNA2/R_LTP2)
    (add_net /LNA2/R_LTP5)
    (add_net /LNA3/R_LTP0)
    (add_net /LNA3/R_LTP2)
    (add_net /LNA3/R_LTP5)
    (add_net "Net-(C12-Pad1)")
    (add_net "Net-(C12-Pad2)")
    (add_net "Net-(C17-Pad1)")
    (add_net "Net-(C2-Pad1)")
    (add_net "Net-(C24-Pad1)")
    (add_net "Net-(C29-Pad1)")
    (add_net "Net-(C30-Pad1)")
    (add_net "Net-(C30-Pad2)")
    (add_net "Net-(C31-Pad1)")
    (add_net "Net-(C32-Pad1)")
    (add_net "Net-(C32-Pad2)")
    (add_net "Net-(C33-Pad1)")
    (add_net "Net-(C33-Pad2)")
    (add_net "Net-(C34-Pad1)")
    (add_net "Net-(C35-Pad2)")
    (add_net "Net-(C43-Pad1)")
    (add_net "Net-(C44-Pad1)")
    (add_net "Net-(C57-Pad1)")
    (add_net "Net-(C57-Pad2)")
    (add_net "Net-(C60-Pad1)")
    (add_net "Net-(C68-Pad1)")
    (add_net "Net-(C68-Pad2)")
    (add_net "Net-(C71-Pad1)")
    (add_net "Net-(C79-Pad1)")
    (add_net "Net-(C79-Pad2)")
    (add_net "Net-(C82-Pad1)")
    (add_net "Net-(C9-Pad2)")
    (add_net "Net-(D5-Pad1)")
    (add_net "Net-(F1-Pad2)")
    (add_net "Net-(F2-Pad2)")
    (add_net "Net-(H1-Pad1)")
    (add_net "Net-(H2-Pad1)")
    (add_net "Net-(H3-Pad1)")
    (add_net "Net-(H4-Pad1)")
    (add_net "Net-(J4-Pad2)")
    (add_net "Net-(J4-Pad4)")
    (add_net "Net-(J4-Pad6)")
    (add_net "Net-(J4-Pad8)")
    (add_net "Net-(Q1-Pad5)")
    (add_net "Net-(Q2-Pad5)")
    (add_net "Net-(Q3-Pad5)")
    (add_net "Net-(Q4-Pad5)")
    (add_net "Net-(R11-Pad2)")
    (add_net "Net-(R14-Pad1)")
    (add_net "Net-(R24-Pad1)")
    (add_net "Net-(R29-Pad1)")
    (add_net "Net-(R34-Pad1)")
    (add_net "Net-(R5-Pad1)")
  )

  (net_class PWR ""
    (clearance 0.3)
    (trace_width 0.35)
    (via_dia 0.8)
    (via_drill 0.4)
    (uvia_dia 0.3)
    (uvia_drill 0.1)
    (add_net +5V)
    (add_net -5V)
    (add_net GND)
  )

  (net_class thicc ""
    (clearance 0.2)
    (trace_width 0.4)
    (via_dia 0.8)
    (via_drill 0.4)
    (uvia_dia 0.3)
    (uvia_drill 0.1)
  )

  (module Connector_PinHeader_2.54mm:PinHeader_1x04_P2.54mm_Vertical (layer F.Cu) (tedit 59FED5CC) (tstamp 5BE0A533)
    (at 56.6 165 90)
    (descr "Through hole straight pin header, 1x04, 2.54mm pitch, single row")
    (tags "Through hole pin header THT 1x04 2.54mm single row")
    (path /5BD9C0CB/5BE3F2F7)
    (fp_text reference J8 (at 0 -2.33 90) (layer F.SilkS)
      (effects (font (size 1 1) (thickness 0.15)))
    )
    (fp_text value "PWR IN" (at 0 9.95 90) (layer F.Fab)
      (effects (font (size 1 1) (thickness 0.15)))
    )
    (fp_text user %R (at 0 3.81 180) (layer F.Fab)
      (effects (font (size 1 1) (thickness 0.15)))
    )
    (fp_line (start 1.8 -1.8) (end -1.8 -1.8) (layer F.CrtYd) (width 0.05))
    (fp_line (start 1.8 9.4) (end 1.8 -1.8) (layer F.CrtYd) (width 0.05))
    (fp_line (start -1.8 9.4) (end 1.8 9.4) (layer F.CrtYd) (width 0.05))
    (fp_line (start -1.8 -1.8) (end -1.8 9.4) (layer F.CrtYd) (width 0.05))
    (fp_line (start -1.33 -1.33) (end 0 -1.33) (layer F.SilkS) (width 0.12))
    (fp_line (start -1.33 0) (end -1.33 -1.33) (layer F.SilkS) (width 0.12))
    (fp_line (start -1.33 1.27) (end 1.33 1.27) (layer F.SilkS) (width 0.12))
    (fp_line (start 1.33 1.27) (end 1.33 8.95) (layer F.SilkS) (width 0.12))
    (fp_line (start -1.33 1.27) (end -1.33 8.95) (layer F.SilkS) (width 0.12))
    (fp_line (start -1.33 8.95) (end 1.33 8.95) (layer F.SilkS) (width 0.12))
    (fp_line (start -1.27 -0.635) (end -0.635 -1.27) (layer F.Fab) (width 0.1))
    (fp_line (start -1.27 8.89) (end -1.27 -0.635) (layer F.Fab) (width 0.1))
    (fp_line (start 1.27 8.89) (end -1.27 8.89) (layer F.Fab) (width 0.1))
    (fp_line (start 1.27 -1.27) (end 1.27 8.89) (layer F.Fab) (width 0.1))
    (fp_line (start -0.635 -1.27) (end 1.27 -1.27) (layer F.Fab) (width 0.1))
    (pad 4 thru_hole oval (at 0 7.62 90) (size 1.7 1.7) (drill 1) (layers *.Cu *.Mask)
      (net 42 "Net-(F2-Pad2)"))
    (pad 3 thru_hole oval (at 0 5.08 90) (size 1.7 1.7) (drill 1) (layers *.Cu *.Mask)
      (net 2 GND))
    (pad 2 thru_hole oval (at 0 2.54 90) (size 1.7 1.7) (drill 1) (layers *.Cu *.Mask)
      (net 2 GND))
    (pad 1 thru_hole rect (at 0 0 90) (size 1.7 1.7) (drill 1) (layers *.Cu *.Mask)
      (net 41 "Net-(F1-Pad2)"))
    (model ${KISYS3DMOD}/Connector_PinHeader_2.54mm.3dshapes/PinHeader_1x04_P2.54mm_Vertical.wrl
      (at (xyz 0 0 0))
      (scale (xyz 1 1 1))
      (rotate (xyz 0 0 0))
    )
  )

  (module Capacitor_Tantalum_SMD:CP_EIA-7343-31_Kemet-D (layer F.Cu) (tedit 5B301BBE) (tstamp 5BDEAC92)
    (at 88.5 141 180)
    (descr "Tantalum Capacitor SMD Kemet-D (7343-31 Metric), IPC_7351 nominal, (Body size from: http://www.kemet.com/Lists/ProductCatalog/Attachments/253/KEM_TC101_STD.pdf), generated with kicad-footprint-generator")
    (tags "capacitor tantalum")
    (path /5BE154B7/5BE23347)
    (attr smd)
    (fp_text reference C84 (at -6 0 180) (layer F.SilkS)
      (effects (font (size 1 1) (thickness 0.15)))
    )
    (fp_text value B45196-H2227-M409 (at 0 3.1 180) (layer F.Fab)
      (effects (font (size 1 1) (thickness 0.15)))
    )
    (fp_line (start 3.65 -2.15) (end -2.65 -2.15) (layer F.Fab) (width 0.1))
    (fp_line (start -2.65 -2.15) (end -3.65 -1.15) (layer F.Fab) (width 0.1))
    (fp_line (start -3.65 -1.15) (end -3.65 2.15) (layer F.Fab) (width 0.1))
    (fp_line (start -3.65 2.15) (end 3.65 2.15) (layer F.Fab) (width 0.1))
    (fp_line (start 3.65 2.15) (end 3.65 -2.15) (layer F.Fab) (width 0.1))
    (fp_line (start 3.65 -2.26) (end -4.41 -2.26) (layer F.SilkS) (width 0.12))
    (fp_line (start -4.41 -2.26) (end -4.41 2.26) (layer F.SilkS) (width 0.12))
    (fp_line (start -4.41 2.26) (end 3.65 2.26) (layer F.SilkS) (width 0.12))
    (fp_line (start -4.4 2.4) (end -4.4 -2.4) (layer F.CrtYd) (width 0.05))
    (fp_line (start -4.4 -2.4) (end 4.4 -2.4) (layer F.CrtYd) (width 0.05))
    (fp_line (start 4.4 -2.4) (end 4.4 2.4) (layer F.CrtYd) (width 0.05))
    (fp_line (start 4.4 2.4) (end -4.4 2.4) (layer F.CrtYd) (width 0.05))
    (fp_text user %R (at 0 0 180) (layer F.Fab)
      (effects (font (size 1 1) (thickness 0.15)))
    )
    (pad 1 smd roundrect (at -3.1125 0 180) (size 2.075 2.55) (layers F.Cu F.Paste F.Mask) (roundrect_rratio 0.120482)
      (net 65 "Net-(C82-Pad1)"))
    (pad 2 smd roundrect (at 3.1125 0 180) (size 2.075 2.55) (layers F.Cu F.Paste F.Mask) (roundrect_rratio 0.120482)
      (net 63 "Net-(C79-Pad1)"))
    (model ${KISYS3DMOD}/Capacitor_Tantalum_SMD.3dshapes/CP_EIA-7343-31_Kemet-D.wrl
      (at (xyz 0 0 0))
      (scale (xyz 1 1 1))
      (rotate (xyz 0 0 0))
    )
  )

  (module Resistor_SMD:R_0603_1608Metric (layer F.Cu) (tedit 5B301BBD) (tstamp 5BDEAC81)
    (at 73.7 140.4 270)
    (descr "Resistor SMD 0603 (1608 Metric), square (rectangular) end terminal, IPC_7351 nominal, (Body size source: http://www.tortai-tech.com/upload/download/2011102023233369053.pdf), generated with kicad-footprint-generator")
    (tags resistor)
    (path /5BE154B7/5BE232E3)
    (attr smd)
    (fp_text reference R36 (at -0.9 -1.3 270) (layer F.SilkS)
      (effects (font (size 1 1) (thickness 0.15)))
    )
    (fp_text value RNCF0603AKT10R0 (at 0 1.43 270) (layer F.Fab)
      (effects (font (size 1 1) (thickness 0.15)))
    )
    (fp_line (start -0.8 0.4) (end -0.8 -0.4) (layer F.Fab) (width 0.1))
    (fp_line (start -0.8 -0.4) (end 0.8 -0.4) (layer F.Fab) (width 0.1))
    (fp_line (start 0.8 -0.4) (end 0.8 0.4) (layer F.Fab) (width 0.1))
    (fp_line (start 0.8 0.4) (end -0.8 0.4) (layer F.Fab) (width 0.1))
    (fp_line (start -0.162779 -0.51) (end 0.162779 -0.51) (layer F.SilkS) (width 0.12))
    (fp_line (start -0.162779 0.51) (end 0.162779 0.51) (layer F.SilkS) (width 0.12))
    (fp_line (start -1.48 0.73) (end -1.48 -0.73) (layer F.CrtYd) (width 0.05))
    (fp_line (start -1.48 -0.73) (end 1.48 -0.73) (layer F.CrtYd) (width 0.05))
    (fp_line (start 1.48 -0.73) (end 1.48 0.73) (layer F.CrtYd) (width 0.05))
    (fp_line (start 1.48 0.73) (end -1.48 0.73) (layer F.CrtYd) (width 0.05))
    (fp_text user %R (at 0 0 270) (layer F.Fab)
      (effects (font (size 0.4 0.4) (thickness 0.06)))
    )
    (pad 1 smd roundrect (at -0.7875 0 270) (size 0.875 0.95) (layers F.Cu F.Paste F.Mask) (roundrect_rratio 0.25)
      (net 2 GND))
    (pad 2 smd roundrect (at 0.7875 0 270) (size 0.875 0.95) (layers F.Cu F.Paste F.Mask) (roundrect_rratio 0.25)
      (net 67 "Net-(Q4-Pad5)"))
    (model ${KISYS3DMOD}/Resistor_SMD.3dshapes/R_0603_1608Metric.wrl
      (at (xyz 0 0 0))
      (scale (xyz 1 1 1))
      (rotate (xyz 0 0 0))
    )
  )

  (module Capacitor_Tantalum_SMD:CP_EIA-7343-31_Kemet-D (layer B.Cu) (tedit 5B301BBE) (tstamp 5BDEAC6F)
    (at 70 136.1)
    (descr "Tantalum Capacitor SMD Kemet-D (7343-31 Metric), IPC_7351 nominal, (Body size from: http://www.kemet.com/Lists/ProductCatalog/Attachments/253/KEM_TC101_STD.pdf), generated with kicad-footprint-generator")
    (tags "capacitor tantalum")
    (path /5BE154B7/5BE23365)
    (attr smd)
    (fp_text reference C85 (at 0.5 4.9) (layer B.SilkS)
      (effects (font (size 1 1) (thickness 0.15)) (justify mirror))
    )
    (fp_text value B45196-H2227-M409 (at 0 -3.1) (layer B.Fab)
      (effects (font (size 1 1) (thickness 0.15)) (justify mirror))
    )
    (fp_line (start 3.65 2.15) (end -2.65 2.15) (layer B.Fab) (width 0.1))
    (fp_line (start -2.65 2.15) (end -3.65 1.15) (layer B.Fab) (width 0.1))
    (fp_line (start -3.65 1.15) (end -3.65 -2.15) (layer B.Fab) (width 0.1))
    (fp_line (start -3.65 -2.15) (end 3.65 -2.15) (layer B.Fab) (width 0.1))
    (fp_line (start 3.65 -2.15) (end 3.65 2.15) (layer B.Fab) (width 0.1))
    (fp_line (start 3.65 2.26) (end -4.41 2.26) (layer B.SilkS) (width 0.12))
    (fp_line (start -4.41 2.26) (end -4.41 -2.26) (layer B.SilkS) (width 0.12))
    (fp_line (start -4.41 -2.26) (end 3.65 -2.26) (layer B.SilkS) (width 0.12))
    (fp_line (start -4.4 -2.4) (end -4.4 2.4) (layer B.CrtYd) (width 0.05))
    (fp_line (start -4.4 2.4) (end 4.4 2.4) (layer B.CrtYd) (width 0.05))
    (fp_line (start 4.4 2.4) (end 4.4 -2.4) (layer B.CrtYd) (width 0.05))
    (fp_line (start 4.4 -2.4) (end -4.4 -2.4) (layer B.CrtYd) (width 0.05))
    (fp_text user %R (at 0 0) (layer B.Fab)
      (effects (font (size 1 1) (thickness 0.15)) (justify mirror))
    )
    (pad 1 smd roundrect (at -3.1125 0) (size 2.075 2.55) (layers B.Cu B.Paste B.Mask) (roundrect_rratio 0.120482)
      (net 3 +5V))
    (pad 2 smd roundrect (at 3.1125 0) (size 2.075 2.55) (layers B.Cu B.Paste B.Mask) (roundrect_rratio 0.120482)
      (net 2 GND))
    (model ${KISYS3DMOD}/Capacitor_Tantalum_SMD.3dshapes/CP_EIA-7343-31_Kemet-D.wrl
      (at (xyz 0 0 0))
      (scale (xyz 1 1 1))
      (rotate (xyz 0 0 0))
    )
  )

  (module Resistor_SMD:R_0603_1608Metric (layer F.Cu) (tedit 5B301BBD) (tstamp 5BDEAC52)
    (at 71 138.8)
    (descr "Resistor SMD 0603 (1608 Metric), square (rectangular) end terminal, IPC_7351 nominal, (Body size source: http://www.tortai-tech.com/upload/download/2011102023233369053.pdf), generated with kicad-footprint-generator")
    (tags resistor)
    (path /5BE154B7/5BE23297)
    (attr smd)
    (fp_text reference C77 (at 1 4.7 90) (layer F.SilkS)
      (effects (font (size 0.8 0.8) (thickness 0.15)))
    )
    (fp_text value "885012006038 " (at 0 1.43) (layer F.Fab) hide
      (effects (font (size 1 1) (thickness 0.15)))
    )
    (fp_line (start -0.8 0.4) (end -0.8 -0.4) (layer F.Fab) (width 0.1))
    (fp_line (start -0.8 -0.4) (end 0.8 -0.4) (layer F.Fab) (width 0.1))
    (fp_line (start 0.8 -0.4) (end 0.8 0.4) (layer F.Fab) (width 0.1))
    (fp_line (start 0.8 0.4) (end -0.8 0.4) (layer F.Fab) (width 0.1))
    (fp_line (start -0.162779 -0.51) (end 0.162779 -0.51) (layer F.SilkS) (width 0.12))
    (fp_line (start -0.162779 0.51) (end 0.162779 0.51) (layer F.SilkS) (width 0.12))
    (fp_line (start -1.48 0.73) (end -1.48 -0.73) (layer F.CrtYd) (width 0.05))
    (fp_line (start -1.48 -0.73) (end 1.48 -0.73) (layer F.CrtYd) (width 0.05))
    (fp_line (start 1.48 -0.73) (end 1.48 0.73) (layer F.CrtYd) (width 0.05))
    (fp_line (start 1.48 0.73) (end -1.48 0.73) (layer F.CrtYd) (width 0.05))
    (fp_text user %R (at 0 0) (layer F.Fab)
      (effects (font (size 0.4 0.4) (thickness 0.06)))
    )
    (pad 1 smd roundrect (at -0.7875 0) (size 0.875 0.95) (layers F.Cu F.Paste F.Mask) (roundrect_rratio 0.25)
      (net 61 /LNA3/R_LTP2))
    (pad 2 smd roundrect (at 0.7875 0) (size 0.875 0.95) (layers F.Cu F.Paste F.Mask) (roundrect_rratio 0.25)
      (net 62 /LNA3/R_LTP0))
    (model ${KISYS3DMOD}/Resistor_SMD.3dshapes/R_0603_1608Metric.wrl
      (at (xyz 0 0 0))
      (scale (xyz 1 1 1))
      (rotate (xyz 0 0 0))
    )
  )

  (module Capacitor_Tantalum_SMD:CP_EIA-7343-31_Kemet-D (layer B.Cu) (tedit 5B301BBE) (tstamp 5BDEAC3E)
    (at 70 141 180)
    (descr "Tantalum Capacitor SMD Kemet-D (7343-31 Metric), IPC_7351 nominal, (Body size from: http://www.kemet.com/Lists/ProductCatalog/Attachments/253/KEM_TC101_STD.pdf), generated with kicad-footprint-generator")
    (tags "capacitor tantalum")
    (path /5BE154B7/5BE2336F)
    (attr smd)
    (fp_text reference C81 (at -0.5 5 180) (layer B.SilkS)
      (effects (font (size 1 1) (thickness 0.15)) (justify mirror))
    )
    (fp_text value B45196-H2227-M409 (at 0 -3.1 180) (layer B.Fab)
      (effects (font (size 1 1) (thickness 0.15)) (justify mirror))
    )
    (fp_line (start 3.65 2.15) (end -2.65 2.15) (layer B.Fab) (width 0.1))
    (fp_line (start -2.65 2.15) (end -3.65 1.15) (layer B.Fab) (width 0.1))
    (fp_line (start -3.65 1.15) (end -3.65 -2.15) (layer B.Fab) (width 0.1))
    (fp_line (start -3.65 -2.15) (end 3.65 -2.15) (layer B.Fab) (width 0.1))
    (fp_line (start 3.65 -2.15) (end 3.65 2.15) (layer B.Fab) (width 0.1))
    (fp_line (start 3.65 2.26) (end -4.41 2.26) (layer B.SilkS) (width 0.12))
    (fp_line (start -4.41 2.26) (end -4.41 -2.26) (layer B.SilkS) (width 0.12))
    (fp_line (start -4.41 -2.26) (end 3.65 -2.26) (layer B.SilkS) (width 0.12))
    (fp_line (start -4.4 -2.4) (end -4.4 2.4) (layer B.CrtYd) (width 0.05))
    (fp_line (start -4.4 2.4) (end 4.4 2.4) (layer B.CrtYd) (width 0.05))
    (fp_line (start 4.4 2.4) (end 4.4 -2.4) (layer B.CrtYd) (width 0.05))
    (fp_line (start 4.4 -2.4) (end -4.4 -2.4) (layer B.CrtYd) (width 0.05))
    (fp_text user %R (at 0 0 180) (layer B.Fab)
      (effects (font (size 1 1) (thickness 0.15)) (justify mirror))
    )
    (pad 1 smd roundrect (at -3.1125 0 180) (size 2.075 2.55) (layers B.Cu B.Paste B.Mask) (roundrect_rratio 0.120482)
      (net 2 GND))
    (pad 2 smd roundrect (at 3.1125 0 180) (size 2.075 2.55) (layers B.Cu B.Paste B.Mask) (roundrect_rratio 0.120482)
      (net 4 -5V))
    (model ${KISYS3DMOD}/Capacitor_Tantalum_SMD.3dshapes/CP_EIA-7343-31_Kemet-D.wrl
      (at (xyz 0 0 0))
      (scale (xyz 1 1 1))
      (rotate (xyz 0 0 0))
    )
  )

  (module Resistor_SMD:R_0603_1608Metric (layer B.Cu) (tedit 5B301BBD) (tstamp 5BDEAC2E)
    (at 64.7 140.1 270)
    (descr "Resistor SMD 0603 (1608 Metric), square (rectangular) end terminal, IPC_7351 nominal, (Body size source: http://www.tortai-tech.com/upload/download/2011102023233369053.pdf), generated with kicad-footprint-generator")
    (tags resistor)
    (path /5BE154B7/5BE233A1)
    (attr smd)
    (fp_text reference C86 (at 0 1.43 270) (layer B.SilkS)
      (effects (font (size 1 1) (thickness 0.15)) (justify mirror))
    )
    (fp_text value "0603B104M500CT " (at 0 -1.43 270) (layer B.Fab)
      (effects (font (size 1 1) (thickness 0.15)) (justify mirror))
    )
    (fp_line (start -0.8 -0.4) (end -0.8 0.4) (layer B.Fab) (width 0.1))
    (fp_line (start -0.8 0.4) (end 0.8 0.4) (layer B.Fab) (width 0.1))
    (fp_line (start 0.8 0.4) (end 0.8 -0.4) (layer B.Fab) (width 0.1))
    (fp_line (start 0.8 -0.4) (end -0.8 -0.4) (layer B.Fab) (width 0.1))
    (fp_line (start -0.162779 0.51) (end 0.162779 0.51) (layer B.SilkS) (width 0.12))
    (fp_line (start -0.162779 -0.51) (end 0.162779 -0.51) (layer B.SilkS) (width 0.12))
    (fp_line (start -1.48 -0.73) (end -1.48 0.73) (layer B.CrtYd) (width 0.05))
    (fp_line (start -1.48 0.73) (end 1.48 0.73) (layer B.CrtYd) (width 0.05))
    (fp_line (start 1.48 0.73) (end 1.48 -0.73) (layer B.CrtYd) (width 0.05))
    (fp_line (start 1.48 -0.73) (end -1.48 -0.73) (layer B.CrtYd) (width 0.05))
    (fp_text user %R (at 0 0 270) (layer B.Fab)
      (effects (font (size 0.4 0.4) (thickness 0.06)) (justify mirror))
    )
    (pad 1 smd roundrect (at -0.7875 0 270) (size 0.875 0.95) (layers B.Cu B.Paste B.Mask) (roundrect_rratio 0.25)
      (net 2 GND))
    (pad 2 smd roundrect (at 0.7875 0 270) (size 0.875 0.95) (layers B.Cu B.Paste B.Mask) (roundrect_rratio 0.25)
      (net 4 -5V))
    (model ${KISYS3DMOD}/Resistor_SMD.3dshapes/R_0603_1608Metric.wrl
      (at (xyz 0 0 0))
      (scale (xyz 1 1 1))
      (rotate (xyz 0 0 0))
    )
  )

  (module Resistor_SMD:R_0603_1608Metric (layer F.Cu) (tedit 5B301BBD) (tstamp 5BDEAC1E)
    (at 71 137.3 180)
    (descr "Resistor SMD 0603 (1608 Metric), square (rectangular) end terminal, IPC_7351 nominal, (Body size source: http://www.tortai-tech.com/upload/download/2011102023233369053.pdf), generated with kicad-footprint-generator")
    (tags resistor)
    (path /5BE154B7/5BE2330C)
    (attr smd)
    (fp_text reference R34 (at -2 -6.2 270) (layer F.SilkS)
      (effects (font (size 0.8 0.8) (thickness 0.15)))
    )
    (fp_text value " CR0603-JW-471ELF " (at 0 1.43 180) (layer F.Fab) hide
      (effects (font (size 1 1) (thickness 0.15)))
    )
    (fp_line (start -0.8 0.4) (end -0.8 -0.4) (layer F.Fab) (width 0.1))
    (fp_line (start -0.8 -0.4) (end 0.8 -0.4) (layer F.Fab) (width 0.1))
    (fp_line (start 0.8 -0.4) (end 0.8 0.4) (layer F.Fab) (width 0.1))
    (fp_line (start 0.8 0.4) (end -0.8 0.4) (layer F.Fab) (width 0.1))
    (fp_line (start -0.162779 -0.51) (end 0.162779 -0.51) (layer F.SilkS) (width 0.12))
    (fp_line (start -0.162779 0.51) (end 0.162779 0.51) (layer F.SilkS) (width 0.12))
    (fp_line (start -1.48 0.73) (end -1.48 -0.73) (layer F.CrtYd) (width 0.05))
    (fp_line (start -1.48 -0.73) (end 1.48 -0.73) (layer F.CrtYd) (width 0.05))
    (fp_line (start 1.48 -0.73) (end 1.48 0.73) (layer F.CrtYd) (width 0.05))
    (fp_line (start 1.48 0.73) (end -1.48 0.73) (layer F.CrtYd) (width 0.05))
    (fp_text user %R (at 0 0 180) (layer F.Fab)
      (effects (font (size 0.4 0.4) (thickness 0.06)))
    )
    (pad 1 smd roundrect (at -0.7875 0 180) (size 0.875 0.95) (layers F.Cu F.Paste F.Mask) (roundrect_rratio 0.25)
      (net 68 "Net-(R34-Pad1)"))
    (pad 2 smd roundrect (at 0.7875 0 180) (size 0.875 0.95) (layers F.Cu F.Paste F.Mask) (roundrect_rratio 0.25)
      (net 61 /LNA3/R_LTP2))
    (model ${KISYS3DMOD}/Resistor_SMD.3dshapes/R_0603_1608Metric.wrl
      (at (xyz 0 0 0))
      (scale (xyz 1 1 1))
      (rotate (xyz 0 0 0))
    )
  )

  (module Resistor_SMD:R_0603_1608Metric (layer F.Cu) (tedit 5B301BBD) (tstamp 5BDEAC0D)
    (at 74 135.8 180)
    (descr "Resistor SMD 0603 (1608 Metric), square (rectangular) end terminal, IPC_7351 nominal, (Body size source: http://www.tortai-tech.com/upload/download/2011102023233369053.pdf), generated with kicad-footprint-generator")
    (tags resistor)
    (path /5BE154B7/5BE232A2)
    (attr smd)
    (fp_text reference C79 (at -1 -1.7 270) (layer F.SilkS)
      (effects (font (size 1 1) (thickness 0.15)))
    )
    (fp_text value 885012006007 (at 0 1.43 180) (layer F.Fab)
      (effects (font (size 1 1) (thickness 0.15)))
    )
    (fp_line (start -0.8 0.4) (end -0.8 -0.4) (layer F.Fab) (width 0.1))
    (fp_line (start -0.8 -0.4) (end 0.8 -0.4) (layer F.Fab) (width 0.1))
    (fp_line (start 0.8 -0.4) (end 0.8 0.4) (layer F.Fab) (width 0.1))
    (fp_line (start 0.8 0.4) (end -0.8 0.4) (layer F.Fab) (width 0.1))
    (fp_line (start -0.162779 -0.51) (end 0.162779 -0.51) (layer F.SilkS) (width 0.12))
    (fp_line (start -0.162779 0.51) (end 0.162779 0.51) (layer F.SilkS) (width 0.12))
    (fp_line (start -1.48 0.73) (end -1.48 -0.73) (layer F.CrtYd) (width 0.05))
    (fp_line (start -1.48 -0.73) (end 1.48 -0.73) (layer F.CrtYd) (width 0.05))
    (fp_line (start 1.48 -0.73) (end 1.48 0.73) (layer F.CrtYd) (width 0.05))
    (fp_line (start 1.48 0.73) (end -1.48 0.73) (layer F.CrtYd) (width 0.05))
    (fp_text user %R (at 0 0 180) (layer F.Fab)
      (effects (font (size 0.4 0.4) (thickness 0.06)))
    )
    (pad 1 smd roundrect (at -0.7875 0 180) (size 0.875 0.95) (layers F.Cu F.Paste F.Mask) (roundrect_rratio 0.25)
      (net 63 "Net-(C79-Pad1)"))
    (pad 2 smd roundrect (at 0.7875 0 180) (size 0.875 0.95) (layers F.Cu F.Paste F.Mask) (roundrect_rratio 0.25)
      (net 64 "Net-(C79-Pad2)"))
    (model ${KISYS3DMOD}/Resistor_SMD.3dshapes/R_0603_1608Metric.wrl
      (at (xyz 0 0 0))
      (scale (xyz 1 1 1))
      (rotate (xyz 0 0 0))
    )
  )

  (module Capacitor_Tantalum_SMD:CP_EIA-7343-31_Kemet-D (layer F.Cu) (tedit 5B301BBE) (tstamp 5BDEABFB)
    (at 88.5 136.1 180)
    (descr "Tantalum Capacitor SMD Kemet-D (7343-31 Metric), IPC_7351 nominal, (Body size from: http://www.kemet.com/Lists/ProductCatalog/Attachments/253/KEM_TC101_STD.pdf), generated with kicad-footprint-generator")
    (tags "capacitor tantalum")
    (path /5BE154B7/5BE23352)
    (attr smd)
    (fp_text reference C83 (at -6.5 1.1 180) (layer F.SilkS)
      (effects (font (size 1 1) (thickness 0.15)))
    )
    (fp_text value B45196-H2227-M409 (at 0 3.1 180) (layer F.Fab)
      (effects (font (size 1 1) (thickness 0.15)))
    )
    (fp_line (start 3.65 -2.15) (end -2.65 -2.15) (layer F.Fab) (width 0.1))
    (fp_line (start -2.65 -2.15) (end -3.65 -1.15) (layer F.Fab) (width 0.1))
    (fp_line (start -3.65 -1.15) (end -3.65 2.15) (layer F.Fab) (width 0.1))
    (fp_line (start -3.65 2.15) (end 3.65 2.15) (layer F.Fab) (width 0.1))
    (fp_line (start 3.65 2.15) (end 3.65 -2.15) (layer F.Fab) (width 0.1))
    (fp_line (start 3.65 -2.26) (end -4.41 -2.26) (layer F.SilkS) (width 0.12))
    (fp_line (start -4.41 -2.26) (end -4.41 2.26) (layer F.SilkS) (width 0.12))
    (fp_line (start -4.41 2.26) (end 3.65 2.26) (layer F.SilkS) (width 0.12))
    (fp_line (start -4.4 2.4) (end -4.4 -2.4) (layer F.CrtYd) (width 0.05))
    (fp_line (start -4.4 -2.4) (end 4.4 -2.4) (layer F.CrtYd) (width 0.05))
    (fp_line (start 4.4 -2.4) (end 4.4 2.4) (layer F.CrtYd) (width 0.05))
    (fp_line (start 4.4 2.4) (end -4.4 2.4) (layer F.CrtYd) (width 0.05))
    (fp_text user %R (at 0 0 180) (layer F.Fab)
      (effects (font (size 1 1) (thickness 0.15)))
    )
    (pad 1 smd roundrect (at -3.1125 0 180) (size 2.075 2.55) (layers F.Cu F.Paste F.Mask) (roundrect_rratio 0.120482)
      (net 65 "Net-(C82-Pad1)"))
    (pad 2 smd roundrect (at 3.1125 0 180) (size 2.075 2.55) (layers F.Cu F.Paste F.Mask) (roundrect_rratio 0.120482)
      (net 63 "Net-(C79-Pad1)"))
    (model ${KISYS3DMOD}/Capacitor_Tantalum_SMD.3dshapes/CP_EIA-7343-31_Kemet-D.wrl
      (at (xyz 0 0 0))
      (scale (xyz 1 1 1))
      (rotate (xyz 0 0 0))
    )
  )

  (module Resistor_SMD:R_Array_Convex_4x1206 (layer F.Cu) (tedit 5BDC5BF0) (tstamp 5BDEABCB)
    (at 67 137.9 180)
    (descr "Chip Resistor Network, ROHM MNR34 (see mnr_g.pdf)")
    (tags "resistor array")
    (path /5BE154B7/5BE232B7)
    (clearance 0.2)
    (attr smd)
    (fp_text reference RN4 (at 0 -3.5 180) (layer F.SilkS)
      (effects (font (size 1 1) (thickness 0.15)))
    )
    (fp_text value " ACASA1001S1001P1AT " (at 0 3.5 180) (layer F.Fab) hide
      (effects (font (size 1 1) (thickness 0.15)))
    )
    (fp_text user %R (at 0 0 270) (layer F.Fab)
      (effects (font (size 0.7 0.7) (thickness 0.105)))
    )
    (fp_line (start -1.6 -2.6) (end -1.6 2.6) (layer F.Fab) (width 0.1))
    (fp_line (start -1.6 2.6) (end 1.6 2.6) (layer F.Fab) (width 0.1))
    (fp_line (start 1.6 2.6) (end 1.6 -2.6) (layer F.Fab) (width 0.1))
    (fp_line (start 1.6 -2.6) (end -1.6 -2.6) (layer F.Fab) (width 0.1))
    (fp_line (start 1.05 2.67) (end -1.05 2.67) (layer F.SilkS) (width 0.12))
    (fp_line (start 1.05 -2.67) (end -1.05 -2.67) (layer F.SilkS) (width 0.12))
    (fp_line (start -2.21 -2.85) (end 2.2 -2.85) (layer F.CrtYd) (width 0.05))
    (fp_line (start -2.21 -2.85) (end -2.21 2.85) (layer F.CrtYd) (width 0.05))
    (fp_line (start 2.2 2.85) (end 2.2 -2.85) (layer F.CrtYd) (width 0.05))
    (fp_line (start 2.2 2.85) (end -2.21 2.85) (layer F.CrtYd) (width 0.05))
    (pad 1 smd rect (at -1.5 -2 180) (size 0.9 0.9) (layers F.Cu F.Paste F.Mask)
      (net 66 /LNA3/R_LTP5))
    (pad 4 smd rect (at -1.5 2 180) (size 0.9 0.9) (layers F.Cu F.Paste F.Mask)
      (net 62 /LNA3/R_LTP0))
    (pad 2 smd rect (at -1.5 -0.66 180) (size 0.9 0.9) (layers F.SilkS)
      (net 30 /InputAmplifier/IN_AMP))
    (pad 3 smd rect (at -1.5 0.66 180) (size 0.9 0.9) (layers F.Cu F.Paste F.Mask)
      (net 61 /LNA3/R_LTP2))
    (pad 7 smd rect (at 1.5 -0.66 180) (size 0.9 0.9) (layers F.SilkS)
      (net 30 /InputAmplifier/IN_AMP))
    (pad 8 smd rect (at 1.5 -2 180) (size 0.9 0.9) (layers F.Cu F.Paste F.Mask)
      (net 4 -5V))
    (pad 5 smd rect (at 1.5 2 180) (size 0.9 0.9) (layers F.Cu F.Paste F.Mask)
      (net 3 +5V))
    (pad 6 smd rect (at 1.5 0.66 180) (size 0.9 0.9) (layers F.Cu F.Paste F.Mask)
      (net 3 +5V))
    (model ${KISYS3DMOD}/Resistor_SMD.3dshapes/R_Array_Convex_4x1206.wrl
      (at (xyz 0 0 0))
      (scale (xyz 1 1 1))
      (rotate (xyz 0 0 0))
    )
  )

  (module TestPoint:TestPoint_THTPad_D1.0mm_Drill0.5mm (layer F.Cu) (tedit 5A0F774F) (tstamp 5BDEABC4)
    (at 82.5 141.6)
    (descr "THT pad as test Point, diameter 1.0mm, hole diameter 0.5mm")
    (tags "test point THT pad")
    (path /5BE154B7/5BE233BF)
    (attr virtual)
    (fp_text reference TP18 (at -1.5 0.4 90) (layer F.SilkS)
      (effects (font (size 1 1) (thickness 0.15)))
    )
    (fp_text value TestPoint (at 0 1.55) (layer F.Fab)
      (effects (font (size 1 1) (thickness 0.15)))
    )
    (fp_text user %R (at 0 -1.45) (layer F.Fab)
      (effects (font (size 1 1) (thickness 0.15)))
    )
    (fp_circle (center 0 0) (end 1 0) (layer F.CrtYd) (width 0.05))
    (fp_circle (center 0 0) (end 0 0.7) (layer F.SilkS) (width 0.12))
    (pad 1 thru_hole circle (at 0 0) (size 1 1) (drill 0.5) (layers *.Cu *.Mask)
      (net 63 "Net-(C79-Pad1)"))
  )

  (module Capacitor_Tantalum_SMD:CP_EIA-7343-31_Kemet-D (layer B.Cu) (tedit 5B301BBE) (tstamp 5BDEABAF)
    (at 88.5 136.1 180)
    (descr "Tantalum Capacitor SMD Kemet-D (7343-31 Metric), IPC_7351 nominal, (Body size from: http://www.kemet.com/Lists/ProductCatalog/Attachments/253/KEM_TC101_STD.pdf), generated with kicad-footprint-generator")
    (tags "capacitor tantalum")
    (path /5BE154B7/5BE23359)
    (attr smd)
    (fp_text reference C82 (at 0 0.1 180) (layer B.SilkS)
      (effects (font (size 1 1) (thickness 0.15)) (justify mirror))
    )
    (fp_text value DNP (at 0 -3.1 180) (layer B.Fab)
      (effects (font (size 1 1) (thickness 0.15)) (justify mirror))
    )
    (fp_line (start 3.65 2.15) (end -2.65 2.15) (layer B.Fab) (width 0.1))
    (fp_line (start -2.65 2.15) (end -3.65 1.15) (layer B.Fab) (width 0.1))
    (fp_line (start -3.65 1.15) (end -3.65 -2.15) (layer B.Fab) (width 0.1))
    (fp_line (start -3.65 -2.15) (end 3.65 -2.15) (layer B.Fab) (width 0.1))
    (fp_line (start 3.65 -2.15) (end 3.65 2.15) (layer B.Fab) (width 0.1))
    (fp_line (start 3.65 2.26) (end -4.41 2.26) (layer B.SilkS) (width 0.12))
    (fp_line (start -4.41 2.26) (end -4.41 -2.26) (layer B.SilkS) (width 0.12))
    (fp_line (start -4.41 -2.26) (end 3.65 -2.26) (layer B.SilkS) (width 0.12))
    (fp_line (start -4.4 -2.4) (end -4.4 2.4) (layer B.CrtYd) (width 0.05))
    (fp_line (start -4.4 2.4) (end 4.4 2.4) (layer B.CrtYd) (width 0.05))
    (fp_line (start 4.4 2.4) (end 4.4 -2.4) (layer B.CrtYd) (width 0.05))
    (fp_line (start 4.4 -2.4) (end -4.4 -2.4) (layer B.CrtYd) (width 0.05))
    (fp_text user %R (at 0 0 180) (layer B.Fab)
      (effects (font (size 1 1) (thickness 0.15)) (justify mirror))
    )
    (pad 1 smd roundrect (at -3.1125 0 180) (size 2.075 2.55) (layers B.Cu B.Paste B.Mask) (roundrect_rratio 0.120482)
      (net 65 "Net-(C82-Pad1)"))
    (pad 2 smd roundrect (at 3.1125 0 180) (size 2.075 2.55) (layers B.Cu B.Paste B.Mask) (roundrect_rratio 0.120482)
      (net 63 "Net-(C79-Pad1)"))
    (model ${KISYS3DMOD}/Capacitor_Tantalum_SMD.3dshapes/CP_EIA-7343-31_Kemet-D.wrl
      (at (xyz 0 0 0))
      (scale (xyz 1 1 1))
      (rotate (xyz 0 0 0))
    )
  )

  (module Resistor_SMD:R_0603_1608Metric (layer F.Cu) (tedit 5B301BBD) (tstamp 5BDEAB9F)
    (at 78.4 141.6)
    (descr "Resistor SMD 0603 (1608 Metric), square (rectangular) end terminal, IPC_7351 nominal, (Body size source: http://www.tortai-tech.com/upload/download/2011102023233369053.pdf), generated with kicad-footprint-generator")
    (tags resistor)
    (path /5BE154B7/5BE232F2)
    (attr smd)
    (fp_text reference R35 (at 0.6 1.4) (layer F.SilkS)
      (effects (font (size 0.8 0.8) (thickness 0.15)))
    )
    (fp_text value "RNCF0603TKY250R " (at 0 1.43) (layer F.Fab)
      (effects (font (size 1 1) (thickness 0.15)))
    )
    (fp_line (start -0.8 0.4) (end -0.8 -0.4) (layer F.Fab) (width 0.1))
    (fp_line (start -0.8 -0.4) (end 0.8 -0.4) (layer F.Fab) (width 0.1))
    (fp_line (start 0.8 -0.4) (end 0.8 0.4) (layer F.Fab) (width 0.1))
    (fp_line (start 0.8 0.4) (end -0.8 0.4) (layer F.Fab) (width 0.1))
    (fp_line (start -0.162779 -0.51) (end 0.162779 -0.51) (layer F.SilkS) (width 0.12))
    (fp_line (start -0.162779 0.51) (end 0.162779 0.51) (layer F.SilkS) (width 0.12))
    (fp_line (start -1.48 0.73) (end -1.48 -0.73) (layer F.CrtYd) (width 0.05))
    (fp_line (start -1.48 -0.73) (end 1.48 -0.73) (layer F.CrtYd) (width 0.05))
    (fp_line (start 1.48 -0.73) (end 1.48 0.73) (layer F.CrtYd) (width 0.05))
    (fp_line (start 1.48 0.73) (end -1.48 0.73) (layer F.CrtYd) (width 0.05))
    (fp_text user %R (at 0 0) (layer F.Fab)
      (effects (font (size 0.4 0.4) (thickness 0.06)))
    )
    (pad 1 smd roundrect (at -0.7875 0) (size 0.875 0.95) (layers F.Cu F.Paste F.Mask) (roundrect_rratio 0.25)
      (net 67 "Net-(Q4-Pad5)"))
    (pad 2 smd roundrect (at 0.7875 0) (size 0.875 0.95) (layers F.Cu F.Paste F.Mask) (roundrect_rratio 0.25)
      (net 63 "Net-(C79-Pad1)"))
    (model ${KISYS3DMOD}/Resistor_SMD.3dshapes/R_0603_1608Metric.wrl
      (at (xyz 0 0 0))
      (scale (xyz 1 1 1))
      (rotate (xyz 0 0 0))
    )
  )

  (module Resistor_SMD:R_0603_1608Metric (layer B.Cu) (tedit 5B301BBD) (tstamp 5BDEAB7D)
    (at 64.7 137 270)
    (descr "Resistor SMD 0603 (1608 Metric), square (rectangular) end terminal, IPC_7351 nominal, (Body size source: http://www.tortai-tech.com/upload/download/2011102023233369053.pdf), generated with kicad-footprint-generator")
    (tags resistor)
    (path /5BE154B7/5BE2338E)
    (attr smd)
    (fp_text reference C87 (at 0 1.43 270) (layer B.SilkS)
      (effects (font (size 1 1) (thickness 0.15)) (justify mirror))
    )
    (fp_text value "0603B104M500CT " (at 0 -1.43 270) (layer B.Fab)
      (effects (font (size 1 1) (thickness 0.15)) (justify mirror))
    )
    (fp_line (start -0.8 -0.4) (end -0.8 0.4) (layer B.Fab) (width 0.1))
    (fp_line (start -0.8 0.4) (end 0.8 0.4) (layer B.Fab) (width 0.1))
    (fp_line (start 0.8 0.4) (end 0.8 -0.4) (layer B.Fab) (width 0.1))
    (fp_line (start 0.8 -0.4) (end -0.8 -0.4) (layer B.Fab) (width 0.1))
    (fp_line (start -0.162779 0.51) (end 0.162779 0.51) (layer B.SilkS) (width 0.12))
    (fp_line (start -0.162779 -0.51) (end 0.162779 -0.51) (layer B.SilkS) (width 0.12))
    (fp_line (start -1.48 -0.73) (end -1.48 0.73) (layer B.CrtYd) (width 0.05))
    (fp_line (start -1.48 0.73) (end 1.48 0.73) (layer B.CrtYd) (width 0.05))
    (fp_line (start 1.48 0.73) (end 1.48 -0.73) (layer B.CrtYd) (width 0.05))
    (fp_line (start 1.48 -0.73) (end -1.48 -0.73) (layer B.CrtYd) (width 0.05))
    (fp_text user %R (at 0 0 270) (layer B.Fab)
      (effects (font (size 0.4 0.4) (thickness 0.06)) (justify mirror))
    )
    (pad 1 smd roundrect (at -0.7875 0 270) (size 0.875 0.95) (layers B.Cu B.Paste B.Mask) (roundrect_rratio 0.25)
      (net 3 +5V))
    (pad 2 smd roundrect (at 0.7875 0 270) (size 0.875 0.95) (layers B.Cu B.Paste B.Mask) (roundrect_rratio 0.25)
      (net 2 GND))
    (model ${KISYS3DMOD}/Resistor_SMD.3dshapes/R_0603_1608Metric.wrl
      (at (xyz 0 0 0))
      (scale (xyz 1 1 1))
      (rotate (xyz 0 0 0))
    )
  )

  (module Resistor_SMD:R_0603_1608Metric (layer B.Cu) (tedit 5B301BBD) (tstamp 5BDEAB6D)
    (at 79.5 135.5 270)
    (descr "Resistor SMD 0603 (1608 Metric), square (rectangular) end terminal, IPC_7351 nominal, (Body size source: http://www.tortai-tech.com/upload/download/2011102023233369053.pdf), generated with kicad-footprint-generator")
    (tags resistor)
    (path /5BE154B7/5BE23317)
    (attr smd)
    (fp_text reference C78 (at 0 1.43 270) (layer B.SilkS)
      (effects (font (size 1 1) (thickness 0.15)) (justify mirror))
    )
    (fp_text value "0603B104M500CT " (at 0 -1.43 270) (layer B.Fab)
      (effects (font (size 1 1) (thickness 0.15)) (justify mirror))
    )
    (fp_line (start -0.8 -0.4) (end -0.8 0.4) (layer B.Fab) (width 0.1))
    (fp_line (start -0.8 0.4) (end 0.8 0.4) (layer B.Fab) (width 0.1))
    (fp_line (start 0.8 0.4) (end 0.8 -0.4) (layer B.Fab) (width 0.1))
    (fp_line (start 0.8 -0.4) (end -0.8 -0.4) (layer B.Fab) (width 0.1))
    (fp_line (start -0.162779 0.51) (end 0.162779 0.51) (layer B.SilkS) (width 0.12))
    (fp_line (start -0.162779 -0.51) (end 0.162779 -0.51) (layer B.SilkS) (width 0.12))
    (fp_line (start -1.48 -0.73) (end -1.48 0.73) (layer B.CrtYd) (width 0.05))
    (fp_line (start -1.48 0.73) (end 1.48 0.73) (layer B.CrtYd) (width 0.05))
    (fp_line (start 1.48 0.73) (end 1.48 -0.73) (layer B.CrtYd) (width 0.05))
    (fp_line (start 1.48 -0.73) (end -1.48 -0.73) (layer B.CrtYd) (width 0.05))
    (fp_text user %R (at 0 0 270) (layer B.Fab)
      (effects (font (size 0.4 0.4) (thickness 0.06)) (justify mirror))
    )
    (pad 1 smd roundrect (at -0.7875 0 270) (size 0.875 0.95) (layers B.Cu B.Paste B.Mask) (roundrect_rratio 0.25)
      (net 3 +5V))
    (pad 2 smd roundrect (at 0.7875 0 270) (size 0.875 0.95) (layers B.Cu B.Paste B.Mask) (roundrect_rratio 0.25)
      (net 2 GND))
    (model ${KISYS3DMOD}/Resistor_SMD.3dshapes/R_0603_1608Metric.wrl
      (at (xyz 0 0 0))
      (scale (xyz 1 1 1))
      (rotate (xyz 0 0 0))
    )
  )

  (module Resistor_SMD:R_0603_1608Metric (layer F.Cu) (tedit 5B301BBD) (tstamp 5BDEAB46)
    (at 71 135.8 180)
    (descr "Resistor SMD 0603 (1608 Metric), square (rectangular) end terminal, IPC_7351 nominal, (Body size source: http://www.tortai-tech.com/upload/download/2011102023233369053.pdf), generated with kicad-footprint-generator")
    (tags resistor)
    (path /5BE154B7/5BE23291)
    (attr smd)
    (fp_text reference R33 (at 0 -7.7 90) (layer F.SilkS)
      (effects (font (size 0.8 0.8) (thickness 0.15)))
    )
    (fp_text value " CR0603-JW-471ELF " (at 0 1.43 180) (layer F.Fab) hide
      (effects (font (size 1 1) (thickness 0.15)))
    )
    (fp_line (start -0.8 0.4) (end -0.8 -0.4) (layer F.Fab) (width 0.1))
    (fp_line (start -0.8 -0.4) (end 0.8 -0.4) (layer F.Fab) (width 0.1))
